The graph is not a DAG
200 94 0
199 23 19
198 96 0
197 191 0
196 95 6
195 23 6
194 5 9
193 149 1
192 5 1
191 34 6
190 8 4
189 139 5
188 34 5
187 1 8
186 0 2
185 2 3
184 10 0
183 2 0
182 41 1
181 6 5
180 11 5
179 45 4
178 184 3
177 45 3
176 28 5
175 113 1
174 28 1
173 115 2
172 174 4
171 166 6
170 38 5
169 153 2
168 38 2
167 154 7
166 182 7
165 99 1
164 173 2
163 169 9
162 140 10
161 9 10
160 37 6
159 152 1
158 37 1
157 9 6
156 197 11
155 102 12
154 25 9
153 101 0
152 25 0
151 82 8
150 158 10
149 39 7
148 160 0
147 159 6
146 104 12
145 33 13
144 134 3
143 33 3
142 31 5
141 127 0
140 31 0
139 7 2
138 29 0
137 117 4
136 3 7
135 125 8
134 135 10
133 190 12
132 47 7
131 189 0
130 77 4
129 47 4
128 19 7
127 118 8
126 88 2
125 49 13
124 199 10
123 49 10
122 24 14
121 100 8
120 24 8
119 78 14
118 68 14
117 16 2
116 68 2
115 13 10
114 53 3
113 13 3
112 65 12
111 112 15
110 12 15
109 193 3
108 48 2
107 193 2
106 128 15
105 194 15
104 135 10
103 32 16
102 130 5
101 32 5
100 132 14
99 79 16
98 108 3
97 80 17
96 120 17
95 4 17
94 17 14
93 69 6
92 17 6
91 71 9
90 70 17
89 118 8
88 15 18
87 62 5
86 15 5
85 51 6
84 22 10
83 89 10
82 61 15
81 90 16
80 92 16
79 176 13
78 64 17
77 56 18
76 196 18
75 165 19
74 179 19
73 44 13
72 179 13
71 177 18
70 163 20
69 108 3
68 50 20
67 136 21
66 59 21
65 13 3
64 63 21
63 91 21
62 121 21
61 4 14
60 168 22
59 75 22
58 86 20
57 21 1
56 86 1
55 85 14
54 81 10
53 20 19
52 84 11
51 67 15
50 87 20
49 172 14
48 83 21
47 74 21
46 18 16
45 73 13
44 76 15
43 67 15
42 106 23
41 26 16
40 107 14
39 26 14
38 105 20
37 141 20
36 35 2
35 142 3
34 143 13
33 161 4
32 175 23
31 52 23
30 107 14
29 131 24
28 72 24
27 87 20
26 178 25
25 26 14
24 55 26
23 122 27
22 18 16
21 18 16
20 74 21
19 144 29
18 182 7
17 183 16
16 184 3
15 185 2147483647
No MST exists!
